-1001204511390
-1001223651429
777000
6490479270
-1001569452735
-1001878800396
-1001881237860
-1001878106949
-1001328020864
-1001244821023
-1001522020564
-1001729064713
-1001611947303
-1001843708612
-1001423488462
-1001916065182
-1001524983463
-1001845618842
-1001985412776
-1001848041459
-1001611993504
-1001815863985
-1001450096281
-1001681879006
-1001691495885
-1001729824932
-1001503755898
-1001203789777
-1001639781562
-1001578021307
-1001910459566
-1001707521800
-1001706484457
-1001636225096
-1001725804793
-1001710658492
-1001368705875
-1001660221062
-1001268649912
-1001728616773
-1001704782464
-1001716201045
-1001685023910
-1001861405374
-1001895401141
-1001266466950
-1001708645322
-1001693339888
-1001530210948
-1001703565502
-1001899265138
-1001606946439
-1001456364861
-1001472333414
-1001708076550
-1001793386771
-1001260921928
-1001720074837
-1001360009945
-1001277548684
-1001344716528
-1001852417749
-1001096951445
-1001122955446
-1002117825407
-1001517564494
-1001609277333
-1001632040470
-1001880233132
-1001730605246
-1001465140341
-1001173124528
-1001872454993
-1001780902433
-1002012346954
-1001807608187
-1001446576491
-1001851187428
-1001539848483
-1001770088067
-1001399566690
-1001548219661
-1001360047185
-1001754099939
-1001893591559
-1001643576381
-1001130157596
-1001806204920
-1001849998355
-1001674303384
-1001863180912
-1001812452731
-1001147378406
-1001873842097
-1001526476085
-1001878963390
-1001565416878
-1001635075461
-1001835470962
-1002043505780
-1001820128180
-1001833513377
-1001627611279
-1001551863963
-1001537226824
-1001648194217
-1001686273730
-1001218557504
-1001618136545
-1001506881771
-1001867544159
-1001825445219
-1001754415097
-1001776361452
-1001732682473
-1001813525407
-1001505953582
-1001804805465
-1001685933004
-1001688572707
-1001522311586
-1001541940797
-1001749930244
-1001480867611
-1001274934209
-1001580626243
-1001892230317
-1001276542342
-1001431385717
-1001527012359
-1001302489200
-1002168419200
-1001842824004
-1001876455797
-1001489219131
-1001159800797
-1001880156034
-1001271443436
-1001732542805
-1001845530807
-1001611138479
-1001846253353
-1001502476801
-1001720029343
-1001846380692
-1001302885233
-1001916485271
-1001635106240
-1001714381791
-1001730352530
-1002086011062
-1001950093933
-1001655298651
-1001684252087
-1002069288607
-1001222252807
-1001968350151
-1002063872490
-1001647625774
-1001862556854
-1001589020651
-1001591509595
-1001526624543
-1001796115098
-1002113609194
-1001267285619
-1002014278369
-1001559738798
-1001602721330
-1001562330741
-1001190897187
-1001747297583
-1001175652766
-1001836970874
-1001720159387
-1001690810154
-1001926977992
-1001897314135
-1001716840381
-1001169825982
-1001517697458
-1001673182927
-1001581496191
-1001845876370
-1001870617738
-1001858628876
-1001449717059
-1001696085804
-1001667029190
-1001282199221
-1001672637846
-1001282380183
-1001897640629
-1002061533644
-1001644841621
-1001816600662
-1001314765817
-1001443726723
-1001734152502
-1001122708483
-1001786914489
-1001684475389
-1001233595375
-1001649710967
-1001667976034
-1002133054569
-1001706687808
-1001347797894
-1001543476411
-1001933254080
-1001623030683
-1001835117035
-1002145049288
-1001537270378
-1001487124657
-1001150627907
-1001252402343
-1001779499737
-1001630180026
-1001178683711
-1001841876350
-1001700307864
-1001973613433
-1001298845214
-1001881559960
-1002137621463
-1001659071621
-1001912291521
-1001178774282
-1001514091674
-1001736986982
-1001907185146
-1001989878559
-1001223286087
-1001894290886
-1001415985167
-1001338960256
-1001877268601
-1001578174461
-1001247811324
-1001555138030
-1001500741059
-1001618243654
-1001637125521
-1001169558679
-1001320611302
-1001515959783
-1001625269607
-1002402699409
-1001665526989
-1001759639015
6660799103
553147242
-1001871300482
-1002022347432
-1001818532172
-1001649903899
-1001820387498
7910579263
-1001847286448
-1001835708230
-1001721622752
-1001743808794
-1001711949633
-1002305474222
-1001516630763
-1001698802514
-1001562045816
7254868907
787057350
371601806
-1002084451792
632600126
6927350344
-1002117694902
-1001865224260
-1001878357715
-1001434791089
-1001836571523
-1002128182333
-1001381459513
-1001385354095
-1001654836276
-1001167117939
-1002157888849
-1001339020394
-1001871552086
-1001622109203
-1001630529248
-1001771372155
-1001235607893
-1002201480446
-1001720073164
-1001225417183
-1001552377690
-1001600444063
-1001568228872
-1001799020007
-1001291588282
-1001701051797
-1001806185366
-1001422160589
-1001125458873